
    image: 6.png
    resolution: 0.150000
    origin: [-25, -20, 0.000000]
    negate: 1                     
    occupied_thresh: 0.804
    free_thresh: 0.196
    